Test 2:
R0: 26.0673775356
R1: 23.7082039325

Test 3:
R0: 37.9742585782
R1: 41.143294199
