Test 2:
R0: 26.0673775356
R1: 23.7082039325

Test 2: (Ordering)
R0: 37.9742585782
R1: 41.143294199

Test 2: (Random)
R0: 14.1231056256 / 22.1853633739
R1: 34.2195444573 / 38.6916804123
